2	2	1	descriptor: 37 22 24 27 1
0	0	0	0	1	0	0	0	
0	0	0	1	1	0	0	1	
0	0	0	0	0	1	0	0	
0	0	0	1	0	1	0	1	
0	0	0	0	0	0	1	0	
0	0	0	0	0	0	1	1	
0	0	0	1	0	0	1	0	
0	0	0	1	0	0	1	1	
0	1	0	0	1	1	0	0	
0	1	0	1	1	1	0	1	
0	1	0	0	0	2	0	0	
0	1	0	1	0	2	0	1	
0	1	0	0	0	1	1	0	
0	1	0	0	0	1	1	1	
0	1	0	1	0	1	1	0	
0	1	0	1	0	1	1	1	
1	0	0	0	2	0	0	0	
1	0	0	1	2	0	0	1	
1	0	0	0	1	1	0	1	
1	0	0	1	1	1	0	0	
1	0	0	0	1	0	1	0	
1	0	0	0	1	0	1	1	
1	0	0	1	1	0	1	0	
1	0	0	1	1	0	1	1	
1	1	0	0	2	1	0	0	
1	1	0	1	2	1	0	1	
1	1	0	0	1	2	0	0	
1	1	0	1	1	2	0	1	
1	1	0	0	1	1	1	0	
1	1	0	0	1	1	1	1	
1	1	0	1	1	1	1	0	
1	1	0	1	1	1	1	1	
