2	2	2	descriptor: 50 20 22 29 2
0	0	0	0	1	0	0	0	
0	0	0	1	1	0	0	1	
0	0	0	0	0	1	0	0	
0	0	0	1	0	1	0	1	
0	0	0	0	0	0	1	0	
0	0	0	1	0	0	1	1	
0	0	1	0	1	0	1	0	
0	0	1	1	1	0	1	1	
0	0	1	0	0	1	1	0	
0	0	1	0	0	1	1	1	
0	0	1	1	0	1	1	0	
0	0	1	1	0	1	1	1	
0	0	1	0	0	0	2	0	
0	0	1	0	0	0	2	1	
0	0	1	1	0	0	2	0	
0	0	1	1	0	0	2	1	
0	1	0	0	1	1	0	0	
0	1	0	1	1	1	0	1	
0	1	0	0	0	2	0	0	
0	1	0	0	0	2	0	1	
0	1	0	1	0	2	0	0	
0	1	0	1	0	2	0	1	
0	1	0	0	0	1	1	0	
0	1	0	0	0	1	1	1	
0	1	0	1	0	1	1	0	
0	1	0	1	0	1	1	1	
0	1	1	0	1	1	1	0	
0	1	1	1	1	1	1	1	
0	1	1	0	0	2	1	0	
0	1	1	1	0	2	1	1	
0	1	1	0	0	1	2	0	
0	1	1	1	0	1	2	1	
1	0	0	0	2	0	0	0	
1	0	0	1	2	0	0	1	
1	0	0	0	1	1	0	0	
1	0	0	0	1	1	0	1	
1	0	0	1	1	1	0	0	
1	0	0	1	1	1	0	1	
1	0	0	0	1	0	1	0	
1	0	0	0	1	0	1	1	
1	0	0	1	1	0	1	0	
1	0	0	1	1	0	1	1	
1	0	1	0	2	0	1	0	
1	0	1	1	2	0	1	1	
1	0	1	0	1	1	1	0	
1	0	1	1	1	1	1	1	
1	0	1	0	1	0	2	1	
1	0	1	1	1	0	2	0	
1	1	0	0	2	1	0	0	
1	1	0	1	2	1	0	1	
1	1	0	0	1	2	0	0	
1	1	0	1	1	2	0	1	
1	1	0	0	1	1	1	1	
1	1	0	1	1	1	1	0	
1	1	1	0	2	1	1	0	
1	1	1	1	2	1	1	1	
1	1	1	0	1	2	1	0	
1	1	1	0	1	2	1	1	
1	1	1	1	1	2	1	0	
1	1	1	1	1	2	1	1	
1	1	1	0	1	1	2	0	
1	1	1	0	1	1	2	1	
1	1	1	1	1	1	2	0	
1	1	1	1	1	1	2	1	
